#(=0
#)=0
S=1
U=2
X=3
WHNP=4
ADJP=5
WHPP=6
.$$.=7
WHADVP=8
NAC=9
SBARQ=10
NP=11
NX=12
FRAG=13
CONJP=14
PP=15
RRC=16
ADVP=17
QP=18
SQ=19
WHADJP=20
INTJ=21
PRN=22
PRT=23
SINV=24
VP=25
SBAR=26
UCP=27
LST=28
JJ=29
NN=30
-LRB-=31
LRB=32
WRB=33
LS=34
PRP=35
DT=36
NNP=37
FW=38
NNS=39
JJS=40
JJR=41
UH=42
MD=43
VBD=44
WP=45
VBG=46
CC=47
CD=48
PDT=49
RBS=50
VBN=51
RBR=52
IN=53
VBP=54
WDT=55
SYM=56
NNPS=57
WP$=58
VB=59
VBZ=60
RB=61
PRP$=62
EX=63
POS=64
-RRB-=65
RRB=66
TO=67
RP=68
va00000=69
vmsf000=70
fit=71
vms0000=72
se000=73
vsii000=74
nc0c000=75
vmms000=76
nc0n000=77
vass000=78
vmim000=79
ac0000=80
rg=81
sp000=82
rn=83
po000000=84
de0000=85
vsn0000=86
vsg0000=87
cc=88
vasi000=89
vsic000=90
dp0000=91
van0000=92
i=93
vmic000=94
vmi0000=95
cs=96
vsis000=97
vmis000=98
w=99
vmp0000=100
vag0000=101
vaip000=102
pt000000=103
vssf000=104
vs00000=105
di0000=106
f0=107
vaic000=108
aq0000-part=109
ao0000=110
pi000000=111
vmii000=112
359000=113
dd0000=114
fc=115
fd=116
fe=117
fg=118
fh=119
fi=120
vasp000=121
fp=122
fs=123
nc0s000=124
ft=125
fx=126
fz=127
fpa=128
vaii000=129
fpt=130
NCMS000=131
vssp000=132
z0=133
vmsp000=134
aqs000=135
nc00000=136
vm00000=137
vsif000=138
vmmp000=139
faa=140
d00000=141
fra=142
frc=143
fat=144
px000000=145
vsm0000=146
zd=147
vmn0000-PPFriendly=148
pr000000=149
zm=150
fsa=151
zp=152
zu=153
word=154
dn0000=155
vap0000=156
fca=157
vmip000=158
vmip000-PPFriendly=159
vsip000-PPFriendly=160
vsp0000=161
vmn0000=162
fct=163
vais000=164
vsip000=165
sc000=166
nc0a000=167
vmsi000=168
np00000=169
ap0000=170
pn000000=171
vm0p000=172
vmg0000=173
vmp0000-PPFriendly=174
vsmp000=175
vmif000=176
dt0000=177
p0000000=178
vam0000=179
vssi000=180
vmm0000=181
vmi2000=182
vaif000=183
pe000000=184
vsss000=185
do0000=186
pp000000=187
pd000000=188
aq0000=189
vmii000-hacerTime=190
nc0p000=191
da0000=192
vq00000=193
fia=194
VPinf=195
AP=196
PUNC=197
AdP=198
n=199
quest=200
Sint=201
VN=202
MWPRO=203
MWADV=204
VPpart=205
colon=206
COORD=207
Ssub=208
Srel=209
comma=210
infinitive=211
MWCL=212
SENT=213
participle=214
MWA=215
MWC=216
MWD=217
MWI=218
MWN=219
MWP=220
MWV=221
MWET=222
A=223
C=224
VINF=225
PREF=226
ADJ=227
CLO=228
CLR=229
I=230
CLS=231
PRO=232
N=233
NPP=234
P=235
ADVWH=236
ADV=237
PROWH=238
V=239
VPP=240
VPR=241
DETWH=242
PROREL=243
CL=244
ADJWH=245
ET=246
CS=247
DET=248
NC=249
VS=250
VIMP=251